================================================================================
TRA ALGORITHM BENCHMARK REPORT
Generated: 2026-03-09 12:00:12
================================================================================

CONFIGURATION
--------------------------------------------------------------------------------
K-Fold Splits: 5
Repeats: 2
Total Evaluations: 1900
Unique Datasets: 21
Unique Models: 10


CLASSIFICATION RESULTS (Top 10)
--------------------------------------------------------------------------------
          dataset         model  n_folds  accuracy_mean  accuracy_std  accuracy_ci   f1_mean    f1_std     f1_ci  auc_mean   auc_std    auc_ci  train_time_mean  predict_time_mean  rmse_mean  rmse_std  rmse_ci  mae_mean  mae_std  mae_ci  r2_mean  r2_std  r2_ci
52           Wine           MLP       10       0.988730      0.014552     0.009019  0.988755  0.014519  0.008999  0.000000  0.000000  0.000000         0.099371            0.24538        NaN       NaN      NaN       NaN      NaN     NaN      NaN     NaN    NaN
54           Wine           SVM       10       0.983254      0.019474     0.012070  0.983223  0.019484  0.012076  0.000000  0.000000  0.000000         0.002794            0.31755        NaN       NaN      NaN       NaN      NaN     NaN      NaN     NaN    NaN
36         Digits           SVM       10       0.982468      0.004926     0.003053  0.982495  0.004913  0.003045  0.000000  0.000000  0.000000         0.202928           17.83254        NaN       NaN      NaN       NaN      NaN     NaN      NaN     NaN    NaN
53           Wine  RandomForest       10       0.980159      0.023460     0.014540  0.980127  0.023594  0.014624  0.000000  0.000000  0.000000         0.104245           14.18884        NaN       NaN      NaN       NaN      NaN     NaN      NaN     NaN    NaN
35         Digits  RandomForest       10       0.978017      0.003591     0.002226  0.978010  0.003567  0.002211  0.000000  0.000000  0.000000         0.135246           23.73954        NaN       NaN      NaN       NaN      NaN     NaN      NaN     NaN    NaN
48           Wine      CatBoost       10       0.977302      0.029476     0.018269  0.977098  0.029988  0.018586  0.000000  0.000000  0.000000         0.260620            0.79901        NaN       NaN      NaN       NaN      NaN     NaN      NaN     NaN    NaN
4   Breast Cancer           MLP       10       0.977146      0.013267     0.008223  0.977046  0.013385  0.008296  0.993719  0.005578  0.003457         0.341453            0.28128        NaN       NaN      NaN       NaN      NaN     NaN      NaN     NaN    NaN
34         Digits           MLP       10       0.976904      0.003241     0.002008  0.976894  0.003237  0.002007  0.000000  0.000000  0.000000         0.610326            0.67469        NaN       NaN      NaN       NaN      NaN     NaN      NaN     NaN    NaN
6   Breast Cancer           SVM       10       0.976277      0.016040     0.009941  0.976180  0.016149  0.010009  0.994876  0.005552  0.003441         0.011532            1.03355        NaN       NaN      NaN       NaN      NaN     NaN      NaN     NaN    NaN
32         Digits           KNN       10       0.975515      0.007273     0.004508  0.975487  0.007247  0.004492  0.000000  0.000000  0.000000         0.000515            2.43101        NaN       NaN      NaN       NaN      NaN     NaN      NaN     NaN    NaN


REGRESSION RESULTS (Top 10)
--------------------------------------------------------------------------------
                dataset             model  n_folds  accuracy_mean  accuracy_std  accuracy_ci  f1_mean  f1_std  f1_ci  auc_mean  auc_std  auc_ci  train_time_mean  predict_time_mean  rmse_mean  rmse_std   rmse_ci  mae_mean   mae_std    mae_ci   r2_mean    r2_std     r2_ci
122           insurance          CatBoost       10            NaN           NaN          NaN      NaN     NaN    NaN       NaN      NaN     NaN         0.417249           14.68193   0.429590  0.002982  0.001848  0.366329  0.002135  0.001323 -0.006052  0.002218  0.001375
125           insurance          LightGBM       10            NaN           NaN          NaN      NaN     NaN    NaN       NaN      NaN     NaN         0.078534            7.06469   0.431956  0.002624  0.001627  0.366926  0.001900  0.001178 -0.017181  0.004212  0.002610
127           insurance      RandomForest       10            NaN           NaN          NaN      NaN     NaN    NaN       NaN      NaN     NaN         0.799649           24.67284   0.432099  0.002633  0.001632  0.369242  0.001964  0.001217 -0.017851  0.003935  0.002439
123           insurance  GradientBoosting       10            NaN           NaN          NaN      NaN     NaN    NaN       NaN      NaN     NaN         2.709634            8.73458   0.434213  0.002819  0.001747  0.367180  0.001848  0.001145 -0.027833  0.004514  0.002797
131           insurance           XGBoost       10            NaN           NaN          NaN      NaN     NaN    NaN       NaN      NaN     NaN         0.360306            8.37318   0.435405  0.002507  0.001554  0.366687  0.001814  0.001125 -0.033496  0.004994  0.003095
130           insurance          TRA_Soft       10            NaN           NaN          NaN      NaN     NaN    NaN       NaN      NaN     NaN        10.041607         1928.42555   0.446745  0.004297  0.002663  0.328009  0.003633  0.002251 -0.088016  0.011608  0.007195
128           insurance               SVM       10            NaN           NaN          NaN      NaN     NaN    NaN       NaN      NaN     NaN        30.662068         3215.13516   0.451137  0.004300  0.002665  0.293954  0.003878  0.002403 -0.109473  0.006082  0.003770
126           insurance               MLP       10            NaN           NaN          NaN      NaN     NaN    NaN       NaN      NaN     NaN        35.002382            6.13691   0.457917  0.006358  0.003941  0.379848  0.012626  0.007826 -0.143437  0.035248  0.021846
19   California Housing           XGBoost       10            NaN           NaN          NaN      NaN     NaN    NaN       NaN      NaN     NaN         0.147404            2.30078   0.464443  0.008524  0.005283  0.305204  0.005170  0.003204  0.837843  0.006873  0.004260
11   California Housing  GradientBoosting       10            NaN           NaN          NaN      NaN     NaN    NaN       NaN      NaN     NaN         6.290487            9.15417   0.468220  0.007704  0.004775  0.308875  0.005241  0.003248  0.835225  0.005871  0.003639


MODEL AVERAGE PERFORMANCE
--------------------------------------------------------------------------------
                  n_folds  accuracy_mean  accuracy_std  accuracy_ci   f1_mean    f1_std     f1_ci  auc_mean   auc_std    auc_ci  train_time_mean  predict_time_mean    rmse_mean    rmse_std     rmse_ci     mae_mean     mae_std      mae_ci   r2_mean    r2_std     r2_ci
model                                                                                                                                                                                                                                                                      
CatBoost             10.0       0.923258      0.011712     0.007259  0.922212  0.011746  0.007280  0.694443  0.004193  0.002599         0.915444          35.207884  2877.487996  465.551522  288.546521  1635.989132  135.382105   83.909156  0.737187  0.020352  0.012614
GradientBoosting     10.0       0.915405      0.014785     0.009164  0.914643  0.014867  0.009214  0.693319  0.005426  0.003363        10.717530           5.988052  3005.007492  678.252064  420.377260  1742.159757  134.238598   83.200416  0.721248  0.030825  0.019105
KNN                  10.0       0.888052      0.017043     0.010563  0.886222  0.017209  0.010666  0.641639  0.008791  0.005449         0.005015          87.035316  4075.441727  444.012244  275.196583  2371.129751  137.141205   84.999438  0.596594  0.032823  0.020344
LightGBM             10.0       0.922891      0.011983     0.007427  0.922089  0.012030  0.007456  0.695511  0.003870  0.002399         0.179324           5.191424  2947.035009  600.344027  372.090246  1672.448063  147.029848   91.128369  0.728456  0.025933  0.016073
MLP                  10.0       0.899591      0.015358     0.009519  0.899140  0.015151  0.009390  0.659622  0.006667  0.004132        16.547127           2.379642  5911.058419  874.563995  542.050420  4088.335561  268.456067  166.387737  0.632119  0.099576  0.061717
RandomForest         10.0       0.916028      0.012301     0.007624  0.914811  0.012341  0.007649  0.684796  0.004831  0.002994         1.502461          29.323573  2999.989228  655.339161  406.175957  1785.065983  171.631670  106.376456  0.733998  0.026152  0.016209
SVM                  10.0       0.880598      0.017361     0.010760  0.876058  0.018991  0.011771  0.638961  0.011049  0.006848        12.072601        1433.133597  8134.714726  549.474151  340.561349  5567.271994  259.614902  160.908027  0.451228  0.032368  0.020061
TRA_Hard             10.0       0.759727      0.149884     0.092898  0.744059  0.158801  0.098424  0.485091  0.008406  0.005210         7.615668        1033.596767  5004.679070  746.906680  462.929050  3338.997674  323.354403  200.413453  0.452124  0.135694  0.084103
TRA_Soft             10.0       0.870022      0.058932     0.036526  0.862903  0.069345  0.042979  0.492037  0.002747  0.001703         5.745479         907.693689  4425.498281  748.068201  463.648955  2910.771088  281.790913  174.652608  0.548879  0.124891  0.077407
XGBoost              10.0       0.956212      0.017711     0.010977  0.955933  0.018029  0.011174  0.396047  0.001587  0.000983         0.319769           2.413210  2926.728445  555.714851  344.429304  1721.496722  111.059890   68.834368  0.727160  0.027136  0.016819


COMPUTATIONAL COMPLEXITY ANALYSIS
--------------------------------------------------------------------------------
                  train_time_mean  predict_time_mean
model                                               
CatBoost                 0.915444          35.207884
GradientBoosting        10.717530           5.988052
KNN                      0.005015          87.035316
LightGBM                 0.179324           5.191424
MLP                     16.547127           2.379642
RandomForest             1.502461          29.323573
SVM                     12.072601        1433.133597
TRA_Hard                 7.615668        1033.596767
TRA_Soft                 5.745479         907.693689
XGBoost                  0.319769           2.413210
